{
 "cells": [
  {
   "cell_type": "markdown",
   "metadata": {},
   "source": [
    "# Machine learning models\n",
    "In this section we will introduce the models we will use and the techniques to deal wit our imbalance dataset. From the previosu analysis done in the previous notebook we stubled upon the question: **Is it possible to figure out what variables will be the most influential using only statistical means?** The initial answer seems to be favorable althogh more research should be done in the future.\n",
    "# Outline\n",
    "*[Validation and training datasets](#Validation-and-training-datasets)<br>\n",
    "*[Imbalanced data](#Imbalanced-data)<br>\n",
    "*[Machine Learning models](#Machine-Learning-models)<br> \n",
    "*[Metrics](#Metrics)<br>\n",
    "*[Visualization](#Visualization)<br>\n",
    "*[Hyperparameters](#Hyperparameters)<br>\n",
    "*[Influential variables](#Influential-variables)<br>\n",
    "*[Deep Learning](#Deep-Learning)<br>\n",
    "*[Conclusions](Conclusions)<br>\n",
    "\n",
    "\n"
   ]
  },
  {
   "cell_type": "code",
   "execution_count": 17,
   "metadata": {
    "collapsed": true
   },
   "outputs": [],
   "source": [
    "#Libraries\n",
    "import pandas as pd\n",
    "import matplotlib.pyplot as plt\n",
    "import plotly.express as px\n",
    "import numpy as np\n",
    "import plotly.graph_objects as go\n",
    "import seaborn as sns\n",
    "from sklearn.preprocessing import StandardScaler, RobustScaler\n",
    "from sklearn.decomposition import PCA\n",
    "\n",
    "from sklearn.metrics import confusion_matrix\n",
    "from sklearn.metrics import plot_confusion_matrix\n",
    "from sklearn.metrics import f1_score\n"
   ]
  },
  {
   "cell_type": "markdown",
   "metadata": {},
   "source": [
    "We import our clean dataset"
   ]
  },
  {
   "cell_type": "code",
   "execution_count": 10,
   "metadata": {
    "collapsed": false,
    "deletable": true,
    "editable": true
   },
   "outputs": [],
   "source": [
    "#dftest2\n",
    "import pickle\n",
    "#pickle.dump(dftest2, open(\"card_df_standard.pkl\", \"wb\"))\n",
    "dftest2 = pickle.load(open(\"card_df_standard.pkl\",\"rb\"))\n",
    "#dftest2"
   ]
  },
  {
   "cell_type": "markdown",
   "metadata": {
    "deletable": true,
    "editable": true
   },
   "source": [
    "# Validation and training datasets\n"
   ]
  },
  {
   "cell_type": "markdown",
   "metadata": {},
   "source": [
    "We create a function to extract the features and labels of the datafreame and save them separatedly in X and Y"
   ]
  },
  {
   "cell_type": "code",
   "execution_count": 11,
   "metadata": {
    "collapsed": true,
    "deletable": true,
    "editable": true
   },
   "outputs": [],
   "source": [
    "def dataset_generator(dataset,  train=True): \n",
    "    Y = dataset[\"Class\"].to_numpy() #Convert quality dataset to array\n",
    "    if train:\n",
    "            X = dataset.drop([\"Class\", \"Time\"], axis=1).to_numpy()  #drop extra columns and convert to array\n",
    "            \n",
    "    else:\n",
    "            X = dataset.drop(\"Class\", axis=1).to_numpy()  #drop extra columns and convert to array\n",
    "        \n",
    "    return X,Y"
   ]
  },
  {
   "cell_type": "code",
   "execution_count": 13,
   "metadata": {
    "collapsed": false,
    "deletable": true,
    "editable": true
   },
   "outputs": [
    {
     "name": "stdout",
     "output_type": "stream",
     "text": [
      "(196619, 30) (196619,)\n"
     ]
    }
   ],
   "source": [
    "#Generate features and labels sets\n",
    "X,Y=dataset_generator(dftest2)\n",
    "print(X.shape, Y.shape)\n"
   ]
  },
  {
   "cell_type": "markdown",
   "metadata": {},
   "source": [
    "This function will shuffle our examples. We need it since the outputs of the undersampling and oversampling functions from sklearn produce sets of samples separated by class. "
   ]
  },
  {
   "cell_type": "code",
   "execution_count": 14,
   "metadata": {
    "collapsed": true,
    "deletable": true,
    "editable": true
   },
   "outputs": [],
   "source": [
    "#Function for shuffling subsamples\n",
    "def create_sample_dataset(existing_X, existing_Y, size):\n",
    "    \"\"\"Create a single sample dataset\"\"\"\n",
    "    \n",
    "    idxs = np.random.choice(np.arange(len(existing_X)), size=size, replace=False) # , replace=True if you want randomly sample indices with replacement\n",
    "    return existing_X[idxs], existing_Y[idxs] # return examples at these indices\n"
   ]
  },
  {
   "cell_type": "markdown",
   "metadata": {},
   "source": [
    "## Validation dataset"
   ]
  },
  {
   "cell_type": "code",
   "execution_count": 15,
   "metadata": {
    "collapsed": false,
    "deletable": true,
    "editable": true,
    "scrolled": true
   },
   "outputs": [
    {
     "name": "stdout",
     "output_type": "stream",
     "text": [
      "Size of training data: 157295 Size of validation data 39324\n",
      "Training set, Valid (0), Fraud (1):  Counter({0: 157017, 1: 278}) \n",
      " Validation set, Valid (0), Fraud(1):  Counter({0: 39255, 1: 69})\n"
     ]
    }
   ],
   "source": [
    "#Get a validation and training set use sklearn\n",
    "from collections import Counter\n",
    "from sklearn.model_selection import train_test_split\n",
    "\n",
    "## randomly split data into train and validation sets\n",
    "X_train, X_val, Y_train, Y_val = train_test_split(X, Y,test_size=0.2, shuffle=True, stratify=Y)\n",
    "print(\"Size of training data:\",Y_train.shape[0], \"Size of validation data\",Y_val.shape[0])\n",
    "print(\"Training set, Valid (0), Fraud (1): \",Counter(Y_train),\"\\n\",\"Validation set, Valid (0), Fraud(1): \",Counter(Y_val))"
   ]
  },
  {
   "cell_type": "markdown",
   "metadata": {
    "deletable": true,
    "editable": true
   },
   "source": [
    "### Test dataset"
   ]
  },
  {
   "cell_type": "code",
   "execution_count": 8,
   "metadata": {
    "collapsed": false,
    "deletable": true,
    "editable": true
   },
   "outputs": [],
   "source": [
    "#Getting a test set\n",
    "test_df = pd.read_csv('creditcard_test.csv')\n",
    "#test_df"
   ]
  },
  {
   "cell_type": "code",
   "execution_count": 18,
   "metadata": {
    "collapsed": false,
    "deletable": true,
    "editable": true
   },
   "outputs": [],
   "source": [
    "#Standardizing all the variables of my dataframe (Vi, Amount and  Time)\n",
    "\n",
    "def df_to_standard(dataset):\n",
    "    \n",
    "    data_features = StandardScaler().fit_transform(dataset.drop([\"Class\"],axis=1))    # standariced data\n",
    "    data_features = np.concatenate((data_features,dataset[\"Class\"].values.reshape(-1,1)), axis=1)\n",
    "    \n",
    "    #Columns and indexes for the new dataframe\n",
    "    columns_df=dataset.columns.tolist()\n",
    "    indexes_df=dataset.index.tolist()\n",
    "\n",
    "    #Creating data frame for standarized data\n",
    "    newdf = pd.DataFrame(data_features, index=indexes_df, columns=columns_df)\n",
    "    #dftest2\n",
    "    return newdf\n",
    "\n",
    "test_df_std= df_to_standard(test_df)\n",
    "#test_df_std\n"
   ]
  },
  {
   "cell_type": "code",
   "execution_count": 19,
   "metadata": {
    "collapsed": false,
    "deletable": true,
    "editable": true
   },
   "outputs": [
    {
     "name": "stdout",
     "output_type": "stream",
     "text": [
      "(85443, 30) (85443,)\n"
     ]
    }
   ],
   "source": [
    "#Generate features and labels sets for the trainning set\n",
    "X_test,Y_test=dataset_generator(test_df_std, train=False)\n",
    "print(X_test.shape, Y_test.shape)"
   ]
  },
  {
   "cell_type": "markdown",
   "metadata": {
    "deletable": true,
    "editable": true
   },
   "source": [
    "# Imbalanced data\n",
    "## Undersampling versus oversampling"
   ]
  },
  {
   "cell_type": "markdown",
   "metadata": {
    "deletable": true,
    "editable": true
   },
   "source": [
    "\n",
    "Imbalance datasets occur when we have in our dataset small samples of a particular class (minority class) compared to the other classes (majority class).  In other words, it occurs when the class distribution is highly non uniform among the classes. This will present a problem for our models  since they will be prone to have high accuracies by just predicting the majority class but fail to predict the minority class which normally is the whole point of the model.\n",
    "In the context of binary classification we have the majority class (negative) and the minority (positive) class. The terms \"positive\" and \"negative\" do not refer to benefit, but to the presence or absence of a condition; for example if the condition is a disease, \"positive\" means \"diseased\" and \"negative\" means \"healthy”.[ref.](https://en.wikipedia.org/wiki/Sensitivity_and_specificity). <br>\n",
    "\n",
    "\n",
    "Two main techniques are used to deal with this problem: <br>\n",
    "\n",
    "* **Undersampling:** It reduces the size of the majority class. In other words, it keeps all the elements of the minority class and randomly selects an equal number of elements from the majority class  thus creating a balanced dataset.<br>\n",
    "* **Oversampling:** This technique focuses on the minority class by increasing  its size. In other words, new elements belonging to the minority class are generated using repetition (bootstrapping) or creating synthetic elements (SMOTE).\n",
    "In this project, we will be testing variations  based on the two main techniques described above. Using the python package imbalanced-learn (imblearn) [ref1.](https://github.com/scikit-learn-contrib/imbalanced-learn#id3\n",
    ") [ref.2](https://imbalanced-learn.org/stable/)<br>\n",
    "\ta) **Random Undersampling:** As described above takes n random elements from the majority class and balances with n equal to the size of the minority class.<br>\n",
    "\tb) **Random Oversampling:** Selects random elements with replacement from the minority class until the size is equal to m where m is the size of the majority class.<br>\n",
    "\tc) **Undersampling:** using Tomek-Links: Tomek links are pairs of examples of opposite classes in close vicinity.\n",
    "In this algorithm, we end up removing the majority element from the Tomek link, which provides a better decision boundary for a classifier. [ref1.](https://www.kdnuggets.com/2020/01/5-most-useful-techniques-handle-imbalanced-datasets.html) [ref2.](https://imbalanced-learn.org/stable/under_sampling.html#tomek-links)<br>\n",
    "\td) **Oversampling using SMOTE:** In SMOTE (Synthetic Minority Oversampling Technique) we synthesize elements for the minority class, in the vicinity of already existing elements. [ref.](https://arxiv.org/pdf/1106.1813.pdf)<br>\n",
    "\te) **Undersampling using Clusters:** Instead of relying on random samples to select from the majority class, we  clustering the majority class (Usually a K-means method) in r groups, with r being the number of elements in the minority class For each group, only the medoid (centre of cluster) is kept. The model is then trained with the minority  class and the medoids only. [ref.](https://imbalanced-learn.org/stable/generated/imblearn.under_sampling.ClusterCentroids.html)<br>"
   ]
  },
  {
   "cell_type": "markdown",
   "metadata": {
    "deletable": true,
    "editable": true
   },
   "source": [
    "## Creating balanced datasets\n",
    "In the following we use the package imblearn to create our balanced samples. "
   ]
  },
  {
   "cell_type": "markdown",
   "metadata": {
    "deletable": true,
    "editable": true
   },
   "source": [
    "### OverSampling\n"
   ]
  },
  {
   "cell_type": "markdown",
   "metadata": {},
   "source": [
    "* **Random oversampling**"
   ]
  },
  {
   "cell_type": "code",
   "execution_count": 28,
   "metadata": {
    "collapsed": false,
    "deletable": true,
    "editable": true
   },
   "outputs": [
    {
     "data": {
      "text/plain": [
       "Counter({0: 157017, 1: 157017})"
      ]
     },
     "execution_count": 28,
     "metadata": {},
     "output_type": "execute_result"
    }
   ],
   "source": [
    "#Random oversampling\n",
    "from imblearn.over_sampling import RandomOverSampler\n",
    "\n",
    "X_ros, Y_ros = RandomOverSampler().fit_resample(X_train,Y_train)  #Create samples\n",
    "X_ros.shape\n",
    "\n",
    "#print(list(Y_ros))\n",
    "X_ros, Y_ros= create_sample_dataset(X_ros, Y_ros, len(Y_ros))  #Shuffling results\n",
    "\n",
    "#print(list(Y_ros))\n",
    "Counter(Y_ros)    #Confirming number of samples of each class\n"
   ]
  },
  {
   "cell_type": "markdown",
   "metadata": {
    "collapsed": false,
    "deletable": true,
    "editable": true
   },
   "source": [
    "* **SMOTE**"
   ]
  },
  {
   "cell_type": "code",
   "execution_count": 48,
   "metadata": {
    "collapsed": false,
    "deletable": true,
    "editable": true
   },
   "outputs": [
    {
     "data": {
      "text/plain": [
       "Counter({0: 157017, 1: 157017})"
      ]
     },
     "execution_count": 48,
     "metadata": {},
     "output_type": "execute_result"
    }
   ],
   "source": [
    "#SMOTE\n",
    "from imblearn.over_sampling import SMOTE\n",
    "\n",
    "smote = SMOTE(sampling_strategy='minority') #Create synthetic data from the minority class\n",
    "X_sm, Y_sm = smote.fit_sample(X_train, Y_train)\n",
    "\n",
    "X_sm, Y_sm= create_sample_dataset(X_sm, Y_sm, len(Y_sm))   #Shuffling results\n",
    "\n",
    "Counter(Y_sm)                             #Confirming number of samples of each class"
   ]
  },
  {
   "cell_type": "markdown",
   "metadata": {
    "deletable": true,
    "editable": true
   },
   "source": [
    "### UnderSampling\n",
    "\n"
   ]
  },
  {
   "cell_type": "markdown",
   "metadata": {},
   "source": [
    "* **Random undersampling**"
   ]
  },
  {
   "cell_type": "code",
   "execution_count": 21,
   "metadata": {
    "collapsed": false,
    "deletable": true,
    "editable": true
   },
   "outputs": [
    {
     "data": {
      "text/plain": [
       "Counter({1: 278, 0: 278})"
      ]
     },
     "execution_count": 21,
     "metadata": {},
     "output_type": "execute_result"
    }
   ],
   "source": [
    "#Random undersampling\n",
    "from imblearn.under_sampling import RandomUnderSampler\n",
    "\n",
    "rus = RandomUnderSampler()\n",
    "X_rus, Y_rus=rus.fit_resample(X_train,Y_train)      #Resampling majority class\n",
    "\n",
    "\n",
    "X_rus, Y_rus= create_sample_dataset(X_rus, Y_rus, len(Y_rus))  #Shuffling results\n",
    "\n",
    "\n",
    "Counter(Y_rus)           #Confirming number of samples of each class"
   ]
  },
  {
   "cell_type": "markdown",
   "metadata": {},
   "source": [
    "* **Tomek Links**"
   ]
  },
  {
   "cell_type": "code",
   "execution_count": 50,
   "metadata": {
    "collapsed": false,
    "deletable": true,
    "editable": true
   },
   "outputs": [
    {
     "name": "stdout",
     "output_type": "stream",
     "text": [
      "Counter({0: 343, 1: 278})\n"
     ]
    },
    {
     "data": {
      "text/plain": [
       "Counter({0: 337, 1: 278})"
      ]
     },
     "execution_count": 50,
     "metadata": {},
     "output_type": "execute_result"
    }
   ],
   "source": [
    "#Undersample: Tomeklinks\n",
    "from imblearn.under_sampling import TomekLinks\n",
    "\n",
    "#Reduce the majority sample to end up with a ratio of 45/55=.81 (minority/majority) \n",
    "X_, Y_ = RandomUnderSampler(sampling_strategy = .81).fit_resample(X_train,Y_train) \n",
    "#print(Counter(Y_))\n",
    "\n",
    "\n",
    "X_tk,Y_tk=TomekLinks().fit_resample(X_, Y_)        #Apply Tomek Links and eliminate the extra elements of the majority sample\n",
    "\n",
    "X_tk, Y_tk= create_sample_dataset(X_tk, Y_tk, len(Y_tk)) #Shuffling results\n",
    "\n",
    "Counter(Y_tk)             #Confirming number of samples of each class"
   ]
  },
  {
   "cell_type": "markdown",
   "metadata": {},
   "source": [
    "* **Clustering**"
   ]
  },
  {
   "cell_type": "code",
   "execution_count": 63,
   "metadata": {
    "collapsed": false,
    "deletable": true,
    "editable": true
   },
   "outputs": [
    {
     "data": {
      "text/plain": [
       "Counter({1: 278, 0: 278})"
      ]
     },
     "execution_count": 63,
     "metadata": {},
     "output_type": "execute_result"
    }
   ],
   "source": [
    "#Undersample: Clustering the abundant class\n",
    "from imblearn.under_sampling import ClusterCentroids\n",
    "\n",
    "X_clus, Y_clus = ClusterCentroids().fit_resample(X_train,Y_train)  #Clustering majority class\n",
    "\n",
    "X_clus, Y_clus = create_sample_dataset(X_clus, Y_clus, len(Y_clus))  #Shuffling results\n",
    "\n",
    "Counter(Y_clus)                     #Confirming number of samples of each class"
   ]
  },
  {
   "cell_type": "code",
   "execution_count": 52,
   "metadata": {
    "collapsed": true,
    "deletable": true,
    "editable": true
   },
   "outputs": [],
   "source": [
    "# Saving centroids \n",
    "import pickle"
   ]
  },
  {
   "cell_type": "code",
   "execution_count": 65,
   "metadata": {
    "collapsed": true,
    "deletable": true,
    "editable": true
   },
   "outputs": [],
   "source": [
    "#pickle.dump(X_clus, open(\"X_clus.pkl\", \"wb\"))\n",
    "#pickle.dump(Y_clus, open(\"Y_clus.pkl\", \"wb\"))"
   ]
  },
  {
   "cell_type": "code",
   "execution_count": 35,
   "metadata": {
    "collapsed": false,
    "deletable": true,
    "editable": true
   },
   "outputs": [],
   "source": [
    "X_clus = pickle.load(open(\"X_clus.pkl\",\"rb\"))\n",
    "\n",
    "Y_clus = pickle.load(open(\"Y_clus.pkl\",\"rb\"))\n"
   ]
  },
  {
   "cell_type": "markdown",
   "metadata": {
    "collapsed": false,
    "deletable": true,
    "editable": true
   },
   "source": [
    "<a id=\"section_statistics_balanced_dataset\"></a>\n",
    "\n",
    "## Statistics of balanced dataset\n",
    "Let us explore the statistics of the new balanced dataset. We are using arbitrarily the random undersampling dataset $X_{rus}$, $Y_{rus}$ but similar conclusions should be obtained from the other cases given that in general, subsamples of the  abundant class should also follow the same distribution of the original sample and similarly oversampling the smaller class is just adding more elements that follow an specific distribution into a bigger sample.<br>\n",
    "The balance set clearly helped.  We can now distingish very defined correlations among the different varibles Vi and also with the column Class.\n"
   ]
  },
  {
   "cell_type": "code",
   "execution_count": 32,
   "metadata": {
    "collapsed": false,
    "deletable": true,
    "editable": true
   },
   "outputs": [
    {
     "data": {
      "application/vnd.plotly.v1+json": {
       "config": {
        "plotlyServerURL": "https://plot.ly"
       },
       "data": [
        {
         "coloraxis": "coloraxis",
         "hovertemplate": "x: %{x}<br>y: %{y}<br>color: %{z}<extra></extra>",
         "type": "heatmap",
         "x": [
          "Time scaled",
          "V1",
          "V2",
          "V3",
          "V4",
          "V5",
          "V6",
          "V7",
          "V8",
          "V9",
          "V10",
          "V11",
          "V12",
          "V13",
          "V14",
          "V15",
          "V16",
          "V17",
          "V18",
          "V19",
          "V20",
          "V21",
          "V22",
          "V23",
          "V24",
          "V25",
          "V26",
          "V27",
          "V28",
          "Amount",
          "Class"
         ],
         "y": [
          "Time scaled",
          "V1",
          "V2",
          "V3",
          "V4",
          "V5",
          "V6",
          "V7",
          "V8",
          "V9",
          "V10",
          "V11",
          "V12",
          "V13",
          "V14",
          "V15",
          "V16",
          "V17",
          "V18",
          "V19",
          "V20",
          "V21",
          "V22",
          "V23",
          "V24",
          "V25",
          "V26",
          "V27",
          "V28",
          "Amount",
          "Class"
         ],
         "z": [
          [
           1,
           0.23096155856302636,
           -0.22436127075523596,
           0.15173436596121395,
           -0.17844811617116946,
           0.30199407087716446,
           0.08375817430844608,
           0.2246102693579981,
           -0.1883704884212015,
           0.18185820959246288,
           0.2219622745064507,
           -0.30363698050048116,
           0.2409399200193399,
           -0.11618954801051261,
           0.15733388721873454,
           -0.18118990900978452,
           0.219744512510203,
           0.22541644294292304,
           0.2481617164976503,
           -0.07151040522271616,
           -0.05989859413445741,
           -0.05590218715558955,
           0.11242794111984764,
           0.04003803941014754,
           -0.03229335620891089,
           -0.23738416122851924,
           -0.05376890892992572,
           -0.14032305580212726,
           -0.03344712096466614,
           0.02834515610397934,
           -0.104688434501117
          ],
          [
           0.23096155856302636,
           1,
           -0.8196582113765315,
           0.8780256488050201,
           -0.6084118159375604,
           0.8683730910798565,
           0.3947327230838487,
           0.8933804733796019,
           -0.20302112362502206,
           0.6739898953380614,
           0.749744417038044,
           -0.5354485842668701,
           0.6040638708540719,
           -0.10177854648309176,
           0.447219964645628,
           0.13384751865568398,
           0.6404359417334466,
           0.6852589397124259,
           0.6778324753899165,
           -0.3193018013209822,
           -0.39951413822742676,
           0.07548229273128308,
           -0.09557507279876952,
           -0.06783733578132226,
           -0.06815982346282136,
           -0.1289176757751811,
           0.03840926859317289,
           0.1456666944422311,
           0.15578366150334494,
           -0.019811977840171784,
           -0.43936554464297994
          ],
          [
           -0.22436127075523596,
           -0.8196582113765315,
           1,
           -0.8822931727124346,
           0.6978531524773185,
           -0.8132594610596052,
           -0.3637413066477799,
           -0.8505420961401364,
           0.11693016730260727,
           -0.7161275778405883,
           -0.79355236234435,
           0.6577948347121735,
           -0.6938487454375447,
           0.07760843327956038,
           -0.5919915298695047,
           -0.1615617500896831,
           -0.6475858372238691,
           -0.6588544581820177,
           -0.622384482871375,
           0.23536988514922091,
           0.4210704670015764,
           -0.06451981106821643,
           0.0765644148714268,
           0.04537485165900694,
           0.0173348183866515,
           0.15110799141451983,
           0.015397516483039515,
           -0.10751000911747394,
           0.03814161027159186,
           -0.1779136722581961,
           0.5127943900871267
          ],
          [
           0.15173436596121395,
           0.8780256488050201,
           -0.8822931727124346,
           1,
           -0.7671927049176319,
           0.8482243453641665,
           0.5185135752837874,
           0.8949882165066969,
           -0.2778192069322934,
           0.7619370837592978,
           0.8552530687235811,
           -0.7302005450772061,
           0.7697019522285427,
           -0.07663067457293915,
           0.6672555559524616,
           0.12517411337302645,
           0.7318578247522807,
           0.7367213222185144,
           0.7015680597798646,
           -0.32383074398181694,
           -0.40742644963663943,
           0.04262013163922582,
           -0.08494523812381993,
           -0.03273547916714303,
           0.011888101850579239,
           -0.12085070319924451,
           -0.03868342283448379,
           0.03221680868014957,
           0.10978115857298115,
           0.012250497530358348,
           -0.5810942772755202
          ],
          [
           -0.17844811617116946,
           -0.6084118159375604,
           0.6978531524773185,
           -0.7671927049176319,
           1,
           -0.5590601305514802,
           -0.4762775844135451,
           -0.7060951209429821,
           0.1509294355426965,
           -0.7912006865939758,
           -0.7771117317991821,
           0.7984765786470027,
           -0.8345567308715631,
           0.044022133179344614,
           -0.8020125808957299,
           -0.14873625940620425,
           -0.7125949507465676,
           -0.6913666157901102,
           -0.6221057573716835,
           0.2959246001253185,
           0.3270002499630927,
           -0.0002595640460478519,
           0.13010086014658215,
           0.11518897945685151,
           -0.052764889138813977,
           0.010701850651033589,
           0.14370444908818011,
           0.025291284349505803,
           -0.02793784929761147,
           -0.027977747301053228,
           0.7117260637512838
          ],
          [
           0.30199407087716446,
           0.8683730910798565,
           -0.8132594610596052,
           0.8482243453641665,
           -0.5590601305514802,
           1,
           0.3585521251125239,
           0.863942691070758,
           -0.318409963297948,
           0.6543795366947994,
           0.7558400482294324,
           -0.5414082331431088,
           0.6179195513623202,
           -0.12907913656288847,
           0.4342536629056127,
           0.06777313038867386,
           0.7071587384192798,
           0.7609444489864869,
           0.7622167847220612,
           -0.410292769505079,
           -0.3527839117570192,
           0.04934289315045601,
           -0.10641396781154246,
           -0.04413158392848895,
           -0.125935355153398,
           -0.11438316213282389,
           0.05310297046949644,
           0.11521104452322262,
           0.13288945306527683,
           -0.11123220049238042,
           -0.3702539961318646
          ],
          [
           0.08375817430844608,
           0.3947327230838487,
           -0.3637413066477799,
           0.5185135752837874,
           -0.4762775844135451,
           0.3585521251125239,
           1,
           0.34339735297637286,
           -0.5573036203072989,
           0.40395921171230703,
           0.4653925578366465,
           -0.5411707866026344,
           0.545674800338,
           -0.10225549601680045,
           0.587634598567878,
           -0.04574391734159595,
           0.4859158444105622,
           0.45190836083039154,
           0.38957087174460847,
           -0.23886027167707444,
           -0.07514573016982769,
           -0.1915699014710417,
           0.1343935368561791,
           0.31499970592967064,
           -0.012338787710268159,
           -0.1691121088949992,
           -0.03273483116531365,
           -0.22619510973666027,
           -0.050340851957786446,
           0.1606748507360915,
           -0.4504587967392424
          ],
          [
           0.2246102693579981,
           0.8933804733796019,
           -0.8505420961401364,
           0.8949882165066969,
           -0.7060951209429821,
           0.863942691070758,
           0.34339735297637286,
           1,
           -0.03237962368434756,
           0.7785495779977183,
           0.8743412020779137,
           -0.6444726053467158,
           0.7241481985231629,
           -0.046383685354619536,
           0.5425517108446254,
           0.166760676734863,
           0.7480485580865424,
           0.7787587462688261,
           0.7595843435103358,
           -0.3593730607623555,
           -0.4960448930754873,
           0.1559820295542201,
           -0.2234554166689044,
           -0.14737718712673042,
           -0.058873437682708286,
           -0.008620967969584937,
           -0.008828276757695219,
           0.20034098045267976,
           0.13010770926177342,
           0.11722638877181366,
           -0.4759529716990811
          ],
          [
           -0.1883704884212015,
           -0.20302112362502206,
           0.11693016730260727,
           -0.2778192069322934,
           0.1509294355426965,
           -0.318409963297948,
           -0.5573036203072989,
           -0.03237962368434756,
           1,
           -0.09762184994726099,
           -0.10929361568943835,
           0.2513298854435234,
           -0.22379961958252403,
           0.2690719593282698,
           -0.26061326496721055,
           0.17521971250678522,
           -0.26947934706876653,
           -0.298956151402991,
           -0.2678921199255751,
           0.25562733629195944,
           -0.18070282289323733,
           0.30312794336442456,
           -0.29453125060768687,
           -0.4803124258147801,
           0.057779175295010456,
           0.27666415337528705,
           0.012267755119186005,
           0.38959776223355397,
           0.025697565829100082,
           0.05324582513381357,
           0.11294077115603192
          ],
          [
           0.18185820959246288,
           0.6739898953380614,
           -0.7161275778405883,
           0.7619370837592978,
           -0.7912006865939758,
           0.6543795366947994,
           0.40395921171230703,
           0.7785495779977183,
           -0.09762184994726099,
           1,
           0.8438415351602246,
           -0.7098510089160274,
           0.7718226843790493,
           -0.017531166451585867,
           0.676641032726714,
           0.13489471567886738,
           0.7363888144120089,
           0.7657561277501166,
           0.7182456019083556,
           -0.3076053349784886,
           -0.44659228126432504,
           0.1644158889259773,
           -0.24584175982273032,
           -0.05768548616510365,
           -0.003149413600742495,
           -0.05758899119566276,
           -0.12758287208535316,
           0.07023825466749642,
           0.13554586578633035,
           0.0005227631350871719,
           -0.5637385213425326
          ],
          [
           0.2219622745064507,
           0.749744417038044,
           -0.79355236234435,
           0.8552530687235811,
           -0.7771117317991821,
           0.7558400482294324,
           0.4653925578366465,
           0.8743412020779137,
           -0.10929361568943835,
           0.8438415351602246,
           1,
           -0.8108130869551852,
           0.8834963044006221,
           -0.05713690815583714,
           0.7642574424003908,
           0.14328847423789293,
           0.8615244786603705,
           0.8516988586200742,
           0.8038579579004753,
           -0.4095594922509843,
           -0.43664963100082915,
           0.10558113800528657,
           -0.2537948031785935,
           -0.0767417426634508,
           0.006108651156690672,
           -0.01703761933795256,
           -0.042226918900847454,
           0.09618023323329807,
           0.12394749337871101,
           0.00565686358522065,
           -0.628834938880119
          ],
          [
           -0.30363698050048116,
           -0.5354485842668701,
           0.6577948347121735,
           -0.7302005450772061,
           0.7984765786470027,
           -0.5414082331431088,
           -0.5411707866026344,
           -0.6444726053467158,
           0.2513298854435234,
           -0.7098510089160274,
           -0.8108130869551852,
           1,
           -0.9032367621920091,
           0.05853869397800215,
           -0.8926892592562526,
           -0.07971978160557154,
           -0.8009229358018026,
           -0.7578499774942692,
           -0.6544847017626253,
           0.39317244576408517,
           0.24485246667317295,
           0.15896144114410754,
           0.04450291395998562,
           0.009120419044542118,
           -0.10159025268441559,
           0.07275316115967398,
           0.13430471996604657,
           0.18005995567979918,
           0.049631217624651884,
           -0.02953119511860118,
           0.6917782637975862
          ],
          [
           0.2409399200193399,
           0.6040638708540719,
           -0.6938487454375447,
           0.7697019522285427,
           -0.8345567308715631,
           0.6179195513623202,
           0.545674800338,
           0.7241481985231629,
           -0.22379961958252403,
           0.7718226843790493,
           0.8834963044006221,
           -0.9032367621920091,
           1,
           -0.09144940862290467,
           0.8878021847350462,
           0.07277436952405761,
           0.8984035835803192,
           0.8657428869995283,
           0.7889025256060546,
           -0.45053169131649623,
           -0.2487959836240416,
           -0.11771292660463038,
           -0.12892215411594035,
           -0.03656553642383722,
           0.031496455528301694,
           -0.007978516573495778,
           -0.11554345606367065,
           -0.045221804694813766,
           -0.019406192501334997,
           0.023817726007522935,
           -0.6892494603201426
          ],
          [
           -0.11618954801051261,
           -0.10177854648309176,
           0.07760843327956038,
           -0.07663067457293915,
           0.044022133179344614,
           -0.12907913656288847,
           -0.10225549601680045,
           -0.046383685354619536,
           0.2690719593282698,
           -0.017531166451585867,
           -0.05713690815583714,
           0.05853869397800215,
           -0.09144940862290467,
           1,
           -0.026964109840121844,
           -0.009853451774376343,
           -0.11959066910960173,
           -0.14966830120722405,
           -0.13342545057998187,
           0.15321126954243677,
           -0.09583050425796405,
           0.11837682235857377,
           -0.06473008583462653,
           -0.07348061245667586,
           0.011490288899174271,
           0.020289700905318668,
           0.07573395991807565,
           0.029616973906481537,
           -0.12102052704572633,
           -0.06053605567741346,
           -0.04171803645571285
          ],
          [
           0.15733388721873454,
           0.447219964645628,
           -0.5919915298695047,
           0.6672555559524616,
           -0.8020125808957299,
           0.4342536629056127,
           0.587634598567878,
           0.5425517108446254,
           -0.26061326496721055,
           0.676641032726714,
           0.7642574424003908,
           -0.8926892592562526,
           0.8878021847350462,
           -0.026964109840121844,
           1,
           0.012726688220172474,
           0.7672626064590856,
           0.7094162209586882,
           0.60487014271557,
           -0.34629221004625105,
           -0.15257817285728972,
           -0.24467260625700027,
           0.036691026111968957,
           0.04866625174909869,
           0.1425061196032034,
           -0.08032368984531672,
           -0.15173695976627763,
           -0.19911299101524074,
           -0.1353676220183042,
           0.0372541166336529,
           -0.7590759711406506
          ],
          [
           -0.18118990900978452,
           0.13384751865568398,
           -0.1615617500896831,
           0.12517411337302645,
           -0.14873625940620425,
           0.06777313038867386,
           -0.04574391734159595,
           0.166760676734863,
           0.17521971250678522,
           0.13489471567886738,
           0.14328847423789293,
           -0.07971978160557154,
           0.07277436952405761,
           -0.009853451774376343,
           0.012726688220172474,
           1,
           0.011565651133107155,
           0.03024368671540564,
           0.025875338900533347,
           0.24490592140894907,
           -0.17436790240239203,
           0.1834276555769147,
           -0.11012883485735785,
           -0.05078290982350086,
           0.034619869366096276,
           -0.03300786200433782,
           0.0939295988898361,
           0.1413592997867872,
           0.0942129835231692,
           0.03951093322497192,
           -0.06271581292609689
          ],
          [
           0.219744512510203,
           0.6404359417334466,
           -0.6475858372238691,
           0.7318578247522807,
           -0.7125949507465676,
           0.7071587384192798,
           0.4859158444105622,
           0.7480485580865424,
           -0.26947934706876653,
           0.7363888144120089,
           0.8615244786603705,
           -0.8009229358018026,
           0.8984035835803192,
           -0.11959066910960173,
           0.7672626064590856,
           0.011565651133107155,
           1,
           0.9533341618849922,
           0.9071970348447971,
           -0.6241576821895651,
           -0.23057141934248368,
           -0.16563329691560885,
           -0.1463110199475424,
           -0.04776108933605065,
           -0.06690295255333664,
           0.02332130008924109,
           -0.05506313691735793,
           -0.0399811617825334,
           0.005145857033182871,
           -0.04203482430725726,
           -0.5884857189644124
          ],
          [
           0.22541644294292304,
           0.6852589397124259,
           -0.6588544581820177,
           0.7367213222185144,
           -0.6913666157901102,
           0.7609444489864869,
           0.45190836083039154,
           0.7787587462688261,
           -0.298956151402991,
           0.7657561277501166,
           0.8516988586200742,
           -0.7578499774942692,
           0.8657428869995283,
           -0.14966830120722405,
           0.7094162209586882,
           0.03024368671540564,
           0.9533341618849922,
           1,
           0.9443209604975863,
           -0.5909191206821159,
           -0.24114415461720898,
           -0.13071154762808418,
           -0.1522798848631441,
           -0.02374065525885707,
           -0.10896047263876951,
           0.005813832271315982,
           -0.03447615128884139,
           -0.003541531735062181,
           0.04471174652117773,
           -0.0365721698288833,
           -0.5422318855141687
          ],
          [
           0.2481617164976503,
           0.6778324753899165,
           -0.622384482871375,
           0.7015680597798646,
           -0.6221057573716835,
           0.7622167847220612,
           0.38957087174460847,
           0.7595843435103358,
           -0.2678921199255751,
           0.7182456019083556,
           0.8038579579004753,
           -0.6544847017626253,
           0.7889025256060546,
           -0.13342545057998187,
           0.60487014271557,
           0.025875338900533347,
           0.9071970348447971,
           0.9443209604975863,
           1,
           -0.5694728049527978,
           -0.239791276052037,
           -0.09679107840792932,
           -0.14782129596303545,
           -0.042446183669262345,
           -0.132024553381476,
           0.02152614250315232,
           -0.026101665881838383,
           0.03797874878768565,
           0.08718411858191166,
           -0.0636284609674641,
           -0.45488676847154597
          ],
          [
           -0.07151040522271616,
           -0.3193018013209822,
           0.23536988514922091,
           -0.32383074398181694,
           0.2959246001253185,
           -0.410292769505079,
           -0.23886027167707444,
           -0.3593730607623555,
           0.25562733629195944,
           -0.3076053349784886,
           -0.4095594922509843,
           0.39317244576408517,
           -0.45053169131649623,
           0.15321126954243677,
           -0.34629221004625105,
           0.24490592140894907,
           -0.6241576821895651,
           -0.5909191206821159,
           -0.5694728049527978,
           1,
           0.06551645375901331,
           0.18398071421566597,
           0.13425894046212752,
           0.02647644459369144,
           0.10402397451026012,
           -0.14197867351104623,
